-1.557158333333333644e+02 -3.292444444444443974e+01
1.776416666666666515e+02 -5.377777777777776880e-01
3.284791666666666288e+01 2.341944444444444162e+00
-1.585475000000000136e+02 -1.161055555555555863e+01
3.255083333333332263e+01 -1.413611111111110707e+00
1.460695833333333269e+02 5.419250000000000966e+01
2.169416666666666771e+01 -6.461388888888890403e-01
2.189789583333333312e+01 -6.326641666666666275e+00
8.012958333333333627e+00 1.807947222222222194e+01
-1.779154666666667026e+02 1.368418888888888674e+01
1.299499999999999567e+01 -1.671722222222222110e+00
1.457565916666666510e+02 5.897356388888889001e+01
-1.372646041666667145e+02 3.557174166666665371e+01
1.642445375000000070e+02 5.014047222222222189e+01
-1.111622083333333535e+02 5.221466666666665901e+01
-1.769387666666666803e+02 7.232222222222223218e-02
-1.545144791666666890e+02 3.051949166666666713e+01
1.613432916666666586e+02 5.596037777777777222e+01
-1.750020833333333599e+02 -1.739194444444444443e+01
1.662436249999999802e+02 2.913947222222221711e+01
-1.704355000000000189e+02 6.994083333333332320e+00
1.733704166666666424e+02 4.923722222222221490e+01
-1.734333333333333655e+02 4.849361111111111455e+01
1.585423125000000084e+02 5.806364722222222241e+01
4.276904166666665930e+01 4.453861111111109494e+00
-1.493497250000000349e+02 3.922035833333332278e+01
1.144345833333333218e+01 -1.559687777777777562e+01
-1.257323458333333690e+02 5.526322222222222535e+01
-1.172019208333333609e+02 4.833435277777777372e+01
-1.424493541666667227e+02 4.554228888888888349e+01
1.767530666666666548e+02 -2.941333333333332467e-01
4.012075833333332753e+01 1.929707777777777622e+01
-1.374052500000000236e+02 1.140302777777777621e+01
-1.402275000000000489e+02 3.680583333333332519e+01
1.299839166666666479e+01 -4.865027777777776175e-01
1.746486666666666849e+02 5.787419444444443428e+01
1.474218458333333501e+02 3.222100833333333014e+01
1.402339999999999804e+02 5.256788888888888778e+01
-1.686785416666666890e+02 2.712548888888888499e+01
1.415052041666666582e+02 1.938356944444444352e+01
1.581331499999999721e+02 5.440098055555556300e+01
-1.457426666666667074e+02 4.350372222222221552e+01
-1.394335000000000377e+02 4.283011111111110836e+01
1.473265833333333319e+02 4.856388888888888289e+01
2.953911666666666136e+01 -1.103388888888888753e-01
-3.750152500000001510e+01 2.414374999999999272e+00
-1.740935416666666811e+02 1.754066666666666663e+01
1.346244333333333145e+02 6.321461111111109865e+00
-1.542529166666666924e+02 5.268805555555555031e+01
-1.735545833333333690e+02 -3.623333333333332007e+01
1.451127333333333240e+02 4.833774999999999977e+01
1.793669124999999838e+02 -1.962399722222222209e+01
-1.035612500000000296e+02 4.348027777777777203e+01
-8.363404166666725814e+00 1.826668611111111318e+01
-1.607819208333333449e+02 1.254831111111110786e+01
1.473764666666666585e+02 5.557995277777778398e+01
1.415480499999999893e+02 -7.662631944444443377e+01
-1.542838583333333702e+02 5.270831666666666138e+01
-1.612983750000000214e+02 3.488100000000000023e+01
-5.585237500000062028e+00 3.012942500000000479e+01
-1.747030166666666844e+02 1.763854166666666501e+01
-1.650076666666666938e+02 2.049416666666666664e+00
-1.582226249999999936e+02 -2.795636666666666414e+01
-1.371901416666667046e+02 3.554232777777777130e+01
1.264813374999999809e+02 3.554221388888888100e+01
1.403753374999999721e+02 6.423877777777776998e+01
-1.750283375000000206e+02 1.773369444444444110e+00
1.473252708333333487e+02 1.687911944444444146e+01
-1.267619166666667070e+02 4.645205555555555321e+01
1.774759999999999991e+02 5.173627777777777936e+01
-1.161790708333333555e+02 1.302586111111110512e+01
1.720017916666666622e+02 7.899399999999998556e+01
-1.529070583333333673e+02 -4.235383888888888748e+01
2.617258333333332843e+01 4.890555555555554434e+00
-6.800692500000002383e+01 -4.157522499999999610e+01
3.487624999999999886e+01 -9.863888888888886486e-01
7.355708333333333826e+01 -5.336138888888888232e+01
1.435079166666666595e+02 5.524055555555554520e+01
-1.752090000000000316e+02 3.856483333333332375e+00
1.490616916666666611e+02 -2.960519722222221972e+01
1.233112500000000011e+02 4.599055555555555230e+01
-1.425345000000004347e+01 1.660450000000000159e+01
1.776508333333333383e+02 -5.680555555555555358e-01
1.775994000000000028e+02 -5.280749999999999611e-01
1.741529166666666697e+02 8.171388888888887481e-01
8.892768749999999045e+01 3.392286111111111779e+00
-1.762324166666667224e+02 9.753750000000000142e+00
-1.735312500000000568e+02 5.810088888888889969e+00
6.153208333333333258e+01 -5.266916666666666202e+01
-1.264443208333333928e+02 5.728526666666665079e+01
1.516388249999999687e+02 -2.993536666666666335e+01
-1.389487083333333715e+02 4.262788888888888295e+01
1.777987500000000125e+02 -2.059944444444444400e+01
-6.475570833333335941e+01 -4.226255277777777053e+01
1.120477458333333374e+02 7.257310555555555709e+01
9.305913333333333526e+01 -3.877314999999999401e+01
-1.566530416666666952e+02 4.910322222222221455e+01
1.775146249999999668e+02 -2.867144444444443252e+01
1.005662499999999824e+02 7.562777777777776578e+01
-1.378124375000000441e+02 2.299087777777777575e+01
3.254208333333333059e+01 -1.402499999999999636e+00
-7.082846250000005739e+01 6.397330555555555520e+01
-1.652402500000000600e+02 3.485943888888888154e+01
1.498384416666666255e+02 -2.813334444444443960e+01
-1.706596666666666806e+02 3.874116666666666475e+01
-1.707406666666666695e+02 6.925249999999998352e+00
1.292624999999999886e+02 6.977527777777777374e+01
1.346045416666666483e+02 6.334722222222223031e+00
5.096250057220458984e+00 5.929309844970703125e+01
7.770039999999998770e+01 -2.681761111111110818e+00
-1.601266666666666936e+02 -1.512999999999999723e+01
-1.407128916666667067e+02 3.047088888888888292e+00
1.523975666666666484e+02 5.756703888888888798e+01
7.793541666666665435e+01 -3.016111111111110521e+00
1.248337499999999949e+02 5.000694444444443576e+01
1.259833333333333059e+02 7.102916666666665435e+01
1.271183333333333252e+02 4.185666666666666202e+01
1.285300000000000011e+02 6.618166666666665776e+01
1.331724999999999852e+02 3.342055555555555202e+01
1.347512499999999704e+02 3.920999999999999375e+01
1.368954166666666481e+02 3.327666666666667084e+01
1.413004166666666492e+02 6.838305555555555770e+01
1.430420833333333235e+02 2.150111111111110418e+01
1.431516666666666424e+02 5.187194444444444485e+01
1.436870833333333053e+02 6.425555555555555465e+00
1.451345833333333246e+02 7.118222222222220807e+01
1.461829166666666424e+02 9.615277777777777146e+00
1.468137499999999704e+02 6.791666666666665719e+01
1.475933333333333053e+02 3.148777777777777231e+01
1.478208333333333258e+02 7.827500000000001457e+00
1.484520833333333201e+02 6.896916666666665208e+01
1.488883333333333212e+02 6.906527777777776578e+01
1.489674999999999727e+02 6.967972222222221035e+01
1.491904166666666640e+02 2.882638888888888928e+01
1.492629166666666549e+02 6.859194444444443661e+01
1.493833333333333258e+02 6.904583333333332007e+01
1.498599999999999852e+02 3.074638888888888388e+01
1.500004166666666379e+02 5.332222222222222641e+00
1.506499999999999773e+02 -6.013611111111110574e+00
1.507775000000000034e+02 -2.615888888888888886e+01
1.508358333333333121e+02 6.873444444444443491e+01
1.512766666666666424e+02 6.655888888888887323e+01
1.513774999999999977e+02 7.036444444444444457e+01
1.518316666666666492e+02 1.036277777777777409e+01
1.527533333333333019e+02 -4.692777777777776826e+00
1.562733333333333121e+02 1.716027777777777530e+01
1.570870833333333110e+02 2.257138888888889028e+01
1.570883333333333383e+02 6.841194444444442979e+01
1.576458333333333144e+02 7.061861111111110745e+01
1.580712499999999920e+02 2.766861111111111171e+01
1.590991666666666333e+02 1.270749999999999602e+01
1.591804166666666447e+02 3.154666666666666686e+01
1.598549999999999898e+02 1.718055555555555225e+00
1.606758333333333155e+02 3.444888888888888090e+01
1.608787499999999966e+02 2.492277777777777104e+01
1.609908333333333132e+02 1.170388888888888701e+01
1.616904166666666356e+02 1.182000000000000028e+01
1.618429166666666390e+02 1.406944444444444109e+01
1.622816666666666379e+02 6.917222222222223493e+00
1.624020833333333087e+02 6.553055555555555145e+01
1.631304166666666617e+02 3.661972222222222229e+01
1.632379166666666492e+02 6.954944444444443263e+01
1.650995833333333280e+02 2.897499999999999787e+01
1.659308333333333110e+02 2.888694444444443832e+01
1.664524999999999864e+02 3.583333333333332815e-02
1.686541666666666686e+02 1.281777777777777771e+01
1.697329166666666538e+02 1.309361111111111065e+01
1.700624999999999716e+02 1.299166666666666359e+01
1.700704166666666310e+02 1.358888888888888502e+01
1.718008333333333155e+02 9.947222222222219523e-01
1.739533333333333474e+02 5.452388888888888374e+01
1.740258333333333098e+02 4.528361111111111370e+01
1.777208333333333314e+02 3.888027777777776350e+01
1.789141666666666310e+02 3.151944444444443860e+01
1.797358333333333178e+02 3.041222222222221916e+01
-1.789966666666666981e+02 5.258833333333332405e+01
-1.787841666666667209e+02 2.699249999999998906e+01
-1.784958333333333655e+02 4.747777777777777430e+01
-1.775066666666666890e+02 4.645749999999999602e+01
-1.769620833333333678e+02 3.616916666666666202e+01
-1.765637500000000273e+02 3.663416666666666544e+01
-1.764650000000000318e+02 6.609472222222223081e+01
-1.762587500000000205e+02 3.621888888888889113e+01
-1.761516666666666993e+02 5.134944444444444400e+01
-1.760879166666667288e+02 3.632777777777776862e+01
-1.760554166666667015e+02 5.238749999999999574e+01
-1.758245833333333223e+02 6.946277777777778795e+01
-1.756254166666666947e+02 3.780805555555554776e+01
-1.756245833333333621e+02 4.561888888888889682e+01
-1.755404166666666868e+02 4.740861111111109949e+01
-1.752604166666667140e+02 4.730388888888889909e+01
-1.748412500000000591e+02 4.629250000000000398e+01
-1.746875000000000000e+02 4.581138888888889937e+01
-1.738945833333333724e+02 7.033361111111111086e+01
-1.735462500000000148e+02 3.354666666666665265e+01
-1.732287500000000193e+02 3.714249999999999829e+01
-1.730795833333333462e+02 4.349555555555554065e+01
-1.729533333333333189e+02 4.409333333333333371e+01
-1.728812500000000512e+02 3.723361111111110944e+01
-1.728387500000000330e+02 3.571749999999999403e+01
-1.728162500000000534e+02 2.282249999999999801e+01
-1.728112500000000580e+02 4.322638888888888431e+01
-1.728104166666666970e+02 4.486416666666665520e+01
-1.725275000000000318e+02 4.753111111111110887e+01
-1.723704166666666993e+02 4.170027777777777089e+01
-1.723495833333333564e+02 4.164277777777778056e+01
-1.718883333333333496e+02 4.270499999999999119e+01
-1.718000000000000114e+02 3.762166666666666259e+01
-1.717733333333333405e+02 3.154111111111110688e+01
-1.714975000000000023e+02 3.901944444444443860e+01
-1.709062500000000284e+02 4.000527777777777061e+01
-1.703333333333333712e+02 3.276694444444444088e+01
-1.700025000000000261e+02 -1.162305555555555614e+01
-1.699987500000000580e+02 6.160805555555555912e+01
-1.696137500000000671e+02 4.115111111111110631e+01
-1.695308333333333906e+02 4.127388888888888374e+01
-1.694666666666666970e+02 3.254055555555554946e+01
-1.694370833333333906e+02 3.850333333333333030e+01
-1.690095833333333530e+02 3.216805555555555429e+01
-1.688954166666667334e+02 3.438666666666666316e+01
-1.682650000000000148e+02 5.161277777777777231e+01
-1.682508333333333894e+02 3.647638888888888431e+01
-1.679045833333333633e+02 5.116472222222221689e+01
-1.672791666666667254e+02 4.112055555555555486e+01
-1.664783333333333815e+02 2.714861111111111214e+01
-1.658179166666666902e+02 2.168111111111110745e+01
-1.653316666666667061e+02 1.421750000000000114e+01
-1.644400000000000261e+02 -1.723749999999999716e+01
-1.641800000000000352e+02 -1.742305555555554974e+01
-1.635437500000000171e+02 3.760499999999999687e+01
-1.633966666666666754e+02 6.770694444444444571e+01
-1.630141666666667106e+02 -1.668916666666666870e+01
-1.628575000000000159e+02 7.893694444444443548e+01
-1.619495833333333792e+02 4.403888888888887720e+01
-1.617841666666666640e+02 4.054305555555554719e+01
-1.615245833333333962e+02 4.220999999999999375e+01
-1.613837499999999920e+02 4.591916666666666913e+01
-1.611237500000000296e+02 4.749888888888888516e+01
-1.610450000000000159e+02 4.203027777777776919e+01
-1.602725000000000080e+02 -2.103888888888888431e+01
-1.583150000000000261e+02 -3.036249999999999361e+01
-1.575991666666666902e+02 5.841833333333331524e+01
-1.575304166666666958e+02 4.719527777777776834e+01
-1.575054166666666902e+02 4.726805555555554861e+01
-1.573150000000000261e+02 5.491000000000000369e+01
-1.564887500000000387e+02 4.791527777777777430e+01
-1.563220833333333530e+02 5.161416666666666941e+01
-1.558520833333333542e+02 -2.957138888888889028e+01
-1.557466666666666981e+02 -2.986638888888887777e+01
-1.556662500000000477e+02 -2.804611111111110233e+01
-1.551691666666666833e+02 2.477555555555554889e+01
-1.550258333333333667e+02 4.073916666666666231e+01
-1.550170833333333746e+02 -3.163999999999999702e+01
-1.545962500000000261e+02 -2.991388888888887365e+01
-1.522891666666667163e+02 3.801916666666665634e+01
-1.513095833333333644e+02 5.390083333333332405e+01
-1.512970833333333758e+02 3.583749999999999858e+01
-1.491979166666666856e+02 5.434861111111111143e+01
-1.487437500000000625e+02 5.366250000000000142e+01
-1.486120833333333735e+02 5.446083333333332632e+01
-1.482054166666667072e+02 3.506027777777776322e+01
-1.460145833333333201e+02 2.305527777777777487e+01
-1.450491666666667356e+02 5.672944444444443945e+01
-1.438191666666666890e+02 4.452583333333332405e+01
-1.411483333333333690e+02 5.725527777777777061e+01
-1.355595833333333928e+02 7.168222222222220807e+01
-1.279970833333333644e+02 6.476305555555556737e+01
-1.245508333333333724e+02 6.725416666666666288e+01
-9.263708333333335077e+01 7.014444444444443150e+01
-5.762000000000006139e+01 -6.184638888888888886e+01
-4.828416666666669244e+01 -1.284805555555555223e+01
-4.697375000000005230e+01 -6.920361111111110120e+01
-3.773750000000006821e+01 -5.276749999999998408e+01
-3.588083333333338487e+01 -5.455666666666665776e+01
-2.932541666666668334e+01 -5.129555555555555912e+01
-1.755916666666672654e+01 -6.869055555555554804e+01
-8.385416666666685614e+00 -3.238888888888889284e+01
-8.266666666666708352e+00 -3.734694444444443917e+01
-7.849166666666690162e+00 1.474305555555555358e+01
-6.385833333333380324e+00 -3.610138888888887720e+01
-5.935833333333391693e+00 -3.793861111111110773e+01
-4.060416666666696983e+00 -3.195611111111110603e+01
-1.988333333333400788e+00 -5.257777777777777573e+01
-5.429166666667128993e-01 -3.259166666666666146e+01
3.880833333333332913e+00 3.217972222222221745e+01
5.965416666666666146e+00 -2.470499999999999474e+01
6.639166666666667105e+00 -4.185527777777777203e+01
1.233708333333333229e+01 -1.807555555555554960e+01
1.260124999999999851e+01 -1.990666666666666629e+01
1.280083333333332973e+01 1.202527777777777374e+01
1.736249999999999361e+01 3.571777777777776919e+01
6.301791666666666458e+01 -5.855694444444444002e+01
1.135474999999999994e+02 6.688611111111111995e+01
1.461962499999999920e+02 6.743861111111110063e+01
1.462916666666666572e+02 6.876499999999998636e+01
1.475437499999999886e+02 6.750666666666666060e+01
1.493858333333333235e+02 6.928333333333334565e+01
1.500662499999999682e+02 6.318500000000000227e+01
1.510162500000000136e+02 -2.733194444444443505e+01
1.511712499999999864e+02 6.825611111111111029e+01
1.517579166666666595e+02 6.782749999999998636e+01
1.520245833333333110e+02 6.839916666666665890e+01
1.553550000000000182e+02 7.111416666666666231e+01
1.566141666666666481e+02 6.765444444444445082e+01
1.586241666666666390e+02 6.600833333333332575e+01
1.772383333333333155e+02 2.383777777777777374e+01
-1.765433333333333508e+02 -3.823138888888889397e+01
-1.756091666666666811e+02 2.254055555555555657e+01
-1.513604166666666799e+02 4.243055555555556246e+00
-1.165504166666667061e+02 5.437111111111109807e+01
-3.608333333333405335e+00 3.871777777777777629e+01
3.881041666666665169e+00 -3.217980555555555355e+01
7.660723749999999654e+01 -3.195422500000000454e+01
1.664524708333333081e+02 -3.590000000000000135e-02
1.718016666666666481e+02 -9.950555555555555820e-01
-1.467087554931640625e+02 -6.533914947509765625e+01
5.670212554931640625e+01 6.809609222412109375e+01
5.287970733642578125e+01 -5.190486145019531250e+01
5.676993560791015625e+01 -3.370967102050781250e+01
-1.513882446289062500e+01 -3.770283889770507812e+01
1.068468379974365234e+01 4.126897811889648438e+01
1.301791667938232422e+01 4.755052947998046875e+01
2.692845153808593750e+01 -5.276197814941406250e+01
3.563951110839843750e+01 4.234763336181640625e+01
4.066973114013671875e+01 -1.327790040522813797e-02
4.160491943359375000e+01 -4.987170100212097168e-01
4.157895660400390625e+01 -3.027467536926269531e+01
4.992081451416015625e+01 -1.941111373901367188e+01
5.068453979492187500e+01 -3.710379028320312500e+01
5.098491668701171875e+01 -3.646453475952148438e+01
5.340151977539062500e+01 -3.614040374755859375e+01
5.436901473999023438e+01 -2.450116157531738281e+01
5.550619506835937500e+01 -4.722194290161132812e+01
5.990245819091796875e+01 -6.763392639160156250e+01
6.365121841430664062e+01 -5.606089782714843750e+01
6.440238189697265625e+01 -6.278340911865234375e+01
6.500158691406250000e+01 -5.493801116943359375e+01
7.036740875244140625e+01 -2.857961893081665039e+00
7.142704010009765625e+01 -5.924725723266601562e+01
7.552066040039062500e+01 -6.956793975830078125e+01
7.630969238281250000e+01 -3.798056030273437500e+01
8.675787353515625000e+01 -3.425059890747070312e+01
1.014699707031250000e+02 -1.821080017089843750e+01
1.246900329589843750e+02 -2.549951934814453125e+01
1.375839538574218750e+02 7.038065910339355469e+00
1.394704437255859375e+02 -2.235467910766601562e+01
1.464116363525390625e+02 -3.119108963012695312e+01
1.475339965820312500e+02 -7.392219543457031250e+01
1.522811584472656250e+02 -2.906430053710937500e+01
1.545705871582031250e+02 4.142434310913085938e+01
1.650773620605468750e+02 1.390122985839843750e+01
1.658492126464843750e+02 -2.308671379089355469e+01
1.658557281494140625e+02 1.813552093505859375e+01
1.678789062500000000e+02 5.567426681518554688e+01
1.687758026123046875e+02 1.478706645965576172e+01
1.688622894287109375e+02 1.811037635803222656e+01
1.695679168701171875e+02 -3.281259918212890625e+01
1.700158843994140625e+02 1.835684585571289062e+01
-1.761231842041015625e+02 9.584927558898925781e+00
-1.752931976318359375e+02 1.441641235351562500e+01
-1.746965332031250000e+02 1.838257408142089844e+01
-1.746134948730468750e+02 1.460610961914062500e+01
-1.745729980468750000e+02 1.459830570220947266e+01
-1.745211181640625000e+02 4.473743915557861328e+00
-1.742711334228515625e+02 1.582230377197265625e+01
-1.732017974853515625e+02 9.420637130737304688e+00
-1.727540740966796875e+02 3.570620059967041016e+00
-1.727498168945312500e+02 1.397852039337158203e+01
-1.725037841796875000e+02 1.234864902496337891e+01
-1.724908294677734375e+02 1.363641834259033203e+01
-1.720864562988281250e+02 3.939608097076416016e+00
-1.714154052734375000e+02 8.197973251342773438e+00
-1.713872222900390625e+02 2.188242912292480469e+00
-1.712880706787109375e+02 1.555172443389892578e+01
-1.711397552490234375e+02 1.449633121490478516e+01
-1.709134063720703125e+02 2.598752212524414062e+01
-1.707924041748046875e+02 1.316287517547607422e+01
-1.707650756835937500e+02 1.421732711791992188e+01
-1.705686187744140625e+02 1.181821727752685547e+01
-1.700169219970703125e+02 1.017616271972656250e+01
-1.690142517089843750e+02 1.312671470642089844e+01
-1.680601043701171875e+02 1.376272392272949219e+01
-1.679373016357421875e+02 1.098372554779052734e+01
-1.672449645996093750e+02 -6.392838954925537109e+00
-1.664008331298828125e+02 -1.053711605072021484e+01
-1.639453887939453125e+02 -5.551536083221435547e+00
-1.637178649902343750e+02 -6.493824005126953125e+00
-1.636362304687500000e+02 -4.946790695190429688e+01
-1.611208038330078125e+02 -2.398388290405273438e+01
-1.586349334716796875e+02 -4.301911163330078125e+01
-1.586727447509765625e+02 -2.113419532775878906e+01
-1.556166381835937500e+02 8.885194778442382812e+00
-1.453861999511718750e+02 -4.338825988769531250e+01
-1.418300933837890625e+02 -4.417461013793945312e+01
-1.007521972656250000e+02 -6.282054901123046875e+01
-7.255792236328125000e+01 -6.385754013061523438e+01
-5.128082275390625000e+01 6.015351486206054688e+01
-1.445693969726562500e+01 -3.956941223144531250e+01
-1.255297851562500000e+01 -4.342784881591796875e+01
-3.911956787109375000e+00 9.934027671813964844e+00
-1.506999999999999886e+02 2.680000000000000071e+01
1.081458333333333428e+02 -2.766666666666666785e+01
1.947000000000000242e+01 -1.742000000000000171e+01
8.285999999999999943e+01 -2.803000000000000114e+01
-1.218016666666666765e+02 6.456527777777777999e+01
3.568958333333333854e+01 -5.228361111111111370e+01
-1.582333333333332348e+01 -5.016333333333333400e+01
-2.897999999999990450e+01 -4.643999999999999773e+01
4.388208333333333400e+01 -5.411888888888888971e+01
4.913375000000000625e+01 -5.001805555555555571e+01
1.339000000000000057e+02 3.600000000000000089e+00
-4.279541666666665378e+01 -5.116555555555555657e+01
-5.028000000000002956e+01 -4.615999999999999659e+01
-2.390583333333330529e+01 5.419999999999999929e+00
-5.002499999999997726e+00 -5.440611111111110887e+01
7.094750000000000512e+01 -5.028305555555556339e+01
5.392541666666667055e+01 -5.404916666666666458e+01
5.636000000000000654e+01 -6.045000000000000284e+01
-6.183124999999995453e+01 -2.206805555555555642e+01
3.332249999999999801e+01 3.617833333333333456e+01
-8.499999999999658939e-01 -5.960000000000000853e+01
7.299999999999999822e-01 -6.085000000000000853e+01
-5.650000000000034106e+00 -6.327000000000001023e+01
1.141583333333333350e+01 3.804111111111111398e+01
1.912416666666666742e+01 3.341916666666666913e+01
8.890833333333333144e+00 3.649777777777777743e+01
1.322083333333333499e+01 4.319583333333333286e+01
1.757124999999999915e+01 4.762805555555555515e+01
-2.057083333333309838e+00 2.458249999999999957e+01
-8.367916666666644687e+00 5.067583333333332973e+01
1.664041666666666330e+01 4.480444444444444230e+01
1.158333333333333393e+01 3.380138888888888715e+01
1.186250000000000249e+01 3.437472222222222484e+01
1.296250000000000036e+01 3.300444444444444514e+01
1.289583333333333393e+01 2.969694444444444414e+01
4.883750000000000924e+00 3.504361111111111171e+01
1.857791666666666686e+01 3.811749999999999972e+01
1.487416666666666565e+01 3.237666666666666515e+01
9.279166666666665009e+00 4.432222222222222285e+01
5.604166666666666741e-01 4.508888888888888857e+01
1.877916666666666456e+00 3.513222222222222513e+01
-1.301249999999981810e+00 4.247083333333333144e+01
2.191666666666667140e+01 2.809027777777777857e+01
2.234083333333333599e+01 3.871888888888889113e+01
1.962500000000000000e+01 4.636611111111110972e+01
-2.683333333333735027e-01 3.075555555555555998e+01
7.537083333333333357e+00 4.685194444444444173e+01
5.940000000000000391e+00 4.791611111111111398e+01
9.362916666666666998e+00 4.538694444444445253e+01
-2.182833333333331893e+01 3.121611111111110759e+01
9.145416666666665861e+00 4.964666666666667538e+01
-1.543208333333336668e+01 4.129111111111111398e+01
8.997500000000000497e+00 5.155972222222222001e+01
4.534833333333333627e+01 4.098833333333332973e+01
1.438866666666666845e+02 -3.676722222222222314e+01
1.472337499999999864e+02 -2.598999999999999844e+01
-2.151874999999995453e+01 -9.327500000000000568e+00
-1.499749999999999943e+02 1.450000000000000178e+01
-1.505000000000000000e+02 1.285000000000000142e+01
-1.263108333333333633e+02 4.372611111111110915e+01
-1.579854166666666515e+02 3.355583333333333229e+01
-1.657083333333333144e+02 3.432083333333333286e+01
1.004029166666666697e+02 -5.096611111111111114e+01
1.141066666666666833e+02 -5.799916666666666742e+01
1.146299999999999955e+02 -5.789972222222221632e+01
-1.704150000000000205e+02 -4.090200000000000102e+01
6.545833333333333393e+00 -1.104444444444444429e+01
3.133083333333333442e+01 -4.269999999999999574e+00
-1.732541666666666629e+02 2.390416666666666501e+01
1.773100000000000023e+02 -1.841305555555555529e+01
3.642666666666666941e+01 3.069472222222222157e+00
-9.994833333333338032e+01 5.791527777777777430e+01
5.608791666666666487e+01 -4.353333333333333144e+01
3.999708333333333599e+01 -3.444916666666666316e+01
1.051220833333333360e+02 -4.208333333333333037e+00
1.051220833333333360e+02 -4.208333333333333037e+00
-1.122416666666666174e+02 1.279166666666666607e+01
-1.745745833333333508e+02 -3.198527777777778169e+01
3.738916666666666799e+01 -7.930888888888888744e+01
-1.753083333333333655e+02 -7.972611111111110915e+01
-9.321333333333330984e+01 -6.464166666666666572e+01
-1.981708333333330074e+01 -3.079972222222221845e+01
3.618500000000000227e+01 -7.351416666666666799e+01
1.597916666666666785e+01 2.188500000000000156e+01
1.521170833333333405e+02 1.230638888888889149e+01
1.683699999999999761e+02 2.215166666666666728e+01
1.732375000000000114e+02 -5.333333333333333259e-01
1.727900000000000205e+02 2.220000000000000195e+00
1.554379166666666663e+02 1.808805555555555600e+01
1.437224999999999966e+02 1.705138888888888715e+01
1.067416666666666636e+01 4.086527777777777715e+01
8.300416666666666998e+00 4.850888888888889028e+01
9.741666666666667140e+00 4.833749999999999858e+01
1.009208333333333307e+01 4.168527777777777743e+01
-6.376416666666665378e+01 -1.478916666666666835e+01
1.011799999999999926e+02 -5.989694444444444343e+01
-1.537083333333333712e+01 5.952499999999999680e+00
-6.750416666666666288e+01 -1.768083333333333229e+01
-7.616874999999998863e+01 -3.054527777777777331e+01
1.503916666666666835e+01 -3.370916666666666828e+01
1.517666666666666799e+02 1.608194444444444571e+01
3.481666666666666288e+01 2.017527777777777942e+01
1.532624999999999886e+02 -1.614722222222222170e+00
-1.954333333333323708e+01 -6.441944444444445139e+01
-1.702041666666667652e+01 -5.856888888888889255e+01
1.390091666666666583e+02 5.284000000000000341e+01
5.995124999999999460e+01 6.713861111111111768e+01
1.587199999999999989e+02 5.192000000000000171e+01
1.328749999999999716e+02 6.313000000000000256e+01
-1.327145833333333371e+02 6.722249999999999659e+01
-1.799620833333333394e+02 6.809999999999999387e-01
1.623374999999999773e+02 5.104999999999999716e+01
4.920833333333332060e-01 -1.546083333333332632e+01
2.486249999999999627e+00 -2.496222222222221632e+01
3.516666666666665719e+00 -2.318194444444443647e+01
3.724999999999998757e+00 -3.919694444444444059e+01
3.855833333333333890e+00 -2.144500000000000028e+01
1.076583333333333314e+01 -2.224694444444444130e+01
1.178458333333333208e+01 -2.076055555555554832e+01
1.188791666666666558e+01 -2.528833333333333400e+01
1.245499999999999829e+01 -2.101499999999999702e+01
1.372291666666666465e+01 -3.768333333333334423e+01
1.619916666666666671e+01 2.117777777777777981e+00
1.684333333333333016e+01 1.668388888888888744e+01
1.694333333333333158e+01 1.063611111111111063e+00
2.032875000000000298e+01 1.241194444444444400e+01
2.219708333333332817e+01 1.668861111111110773e+01
2.317708333333332860e+01 1.831722222222222385e+01
2.346208333333333229e+01 3.066027777777777530e+01
2.376750000000000185e+01 -4.143749999999999289e+01
2.417374999999999829e+01 1.578305555555554918e+01
2.504124999999999801e+01 1.590472222222222065e+01
2.626541666666666330e+01 -4.359805555555554690e+01
2.687749999999999417e+01 2.733111111111110958e+01
2.697624999999999673e+01 2.743305555555554420e+01
2.777624999999999744e+01 -4.444472222222221802e+01
3.032083333333332931e+01 2.883749999999998792e+01
3.351499999999998636e+01 2.787722222222221546e+01
3.945041666666666202e+01 -6.133833333333332405e+01
4.421000000000000796e+01 -5.457138888888888317e+01
4.932624999999999460e+01 -4.110777777777776976e+01
4.956583333333333030e+01 -6.649805555555555259e+01
5.003083333333332661e+01 -5.218527777777776322e+01
5.103000000000000114e+01 1.775333333333332675e+01
5.329916666666666458e+01 -5.041055555555555401e+01
5.894208333333334338e+01 -4.236805555555554292e+01
6.088583333333333059e+01 -4.339999999999999147e+01
6.097625000000000739e+01 -4.334916666666666174e+01
6.317208333333333314e+01 -2.315999999999999659e+01
7.156958333333332689e+01 -5.734305555555555145e+01
7.287166666666665549e+01 -6.165083333333333115e+01
7.499000000000000909e+01 -2.602194444444444343e+01
7.567833333333332746e+01 -6.113972222222221120e+01
7.583208333333332973e+01 -2.542305555555555685e+01
7.660041666666666060e+01 -3.195305555555555088e+01
7.660583333333333655e+01 -3.195416666666666572e+01
7.799708333333332178e+01 -3.297249999999998948e+01
1.019408333333333161e+02 8.012388888888888516e+01
1.122275000000000063e+02 6.921583333333332178e+01
1.142141666666666708e+02 6.560249999999999204e+01
1.204720833333333303e+02 5.073749999999999005e+01
1.234954166666666708e+02 4.574277777777777487e+01
1.247666666666666515e+02 7.071916666666665208e+01
